0 7702
1 7567
2 7522
3 7654
4 7580
5 7514
6 7618
7 7587
8 7626
9 7664
10 7431
11 7663
12 7774
13 7550
14 7566
15 7546
16 7541
17 7479
18 7535
19 7449
20 7492
21 7515
22 7682
23 7630
24 7408
25 7648
26 7460
27 7542
28 7762
29 7630
30 7706
31 7660
32 7524
33 7498
34 7523
35 7531
36 7626
37 7587
38 7707
39 7623
40 7653
41 7651
42 7474
43 7555
44 7469
45 7647
46 7461
47 7499
48 7587
49 7525
50 7569
51 7548
52 7776
53 7577
54 7537
55 7677
56 7530
57 7546
58 7672
59 7572
60 7571
61 7437
62 7485
63 7589
64 7516
65 7510
66 7464
67 7659
68 7551
69 7464
70 7594
71 7545
72 7492
73 7509
74 7571
75 7480
76 7755
77 7604
78 7506
79 7722
80 7580
81 7695
82 7484
83 7432
84 7714
85 7630
86 7664
87 7485
88 7625
89 7481
90 7498
91 7523
92 7707
93 7718
94 7649
95 7678
96 7669
97 7836
98 7590
99 7733
100 7591
101 7655
102 7535
103 7577
104 7372
105 7451
106 7640
107 7649
108 7612
109 7673
110 7525
111 7564
112 7684
113 7669
114 7439
115 7651
116 7521
117 7570
118 7706
119 7573
120 7513
121 7626
122 7547
123 7581
124 7541
125 7554
126 7531
127 7639
128 7678
129 7412
130 7704
131 7642
132 7671
133 7681
134 7631
135 7644
136 7602
137 7571
138 7545
139 7473
140 7675
141 7465
142 7563
143 7644
144 7693
145 7534
146 7512
147 7650
148 7500
149 7632
150 7659
151 7488
152 7582
153 7537
154 7484
155 7544
156 7534
157 7528
158 7567
159 7502
160 7643
161 7616
162 7458
163 7552
164 7436
165 7610
166 7486
167 7649
168 7732
169 7527
170 7647
171 7594
172 7626
173 7583
174 7646
175 7695
176 7719
177 7609
178 7543
179 7515
180 7440
181 7583
182 7535
183 7566
184 7708
185 7626
186 7601
187 7719
188 7477
189 7381
190 7544
191 7508
192 7568
193 7677
194 7580
195 7589
196 7769
197 7572
198 7547
199 7380
200 7645
201 7582
202 7689
203 7582
204 7507
205 7662
206 7658
207 7555
208 7447
209 7479
210 7592
211 7592
212 7674
213 7566
214 7509
215 7470
216 7625
217 7451
218 7692
219 7690
220 7605
221 7615
222 7523
223 7372
224 7704
225 7435
226 7599
227 7707
228 7703
229 7552
230 7471
231 7622
232 7571
233 7653
234 7541
235 7615
236 7740
237 7580
238 7543
239 7533
240 7477
241 7561
242 7547
243 7625
244 7687
245 7705
246 7719
247 7531
248 7564
249 7659
250 7603
251 7518
252 7523
253 7429
254 7433
255 7521
256 7606
257 7451
258 7509
259 7497
260 7510
261 7438
262 7501
263 7529
264 7721
265 7585
266 7496
267 7674
268 7584
269 7632
270 7448
271 7617
272 7593
273 7729
274 7612
275 7639
276 7627
277 7613
278 7482
279 7577
280 7486
281 7398
282 7533
283 7654
284 7515
285 7552
286 7573
287 7700
288 7577
289 7474
290 7652
291 7498
292 7630
293 7587
294 7627
295 7481
296 7662
297 7626
298 7631
299 7620
300 7614
301 7542
302 7560
303 7508
304 7403
305 7398
306 7701
307 7395
308 7459
309 7534
310 7593
311 7488
312 7563
313 7550
314 7563
315 7477
316 7581
317 7477
318 7618
319 7648
320 7620
321 7465
322 7598
323 7443
324 7559
325 7560
326 7525
327 7758
328 7454
329 7605
330 7657
331 7538
332 7532
333 7667
334 7616
335 7662
336 7589
337 7617
338 7487
339 7644
340 7506
341 7454
342 7384
343 7637
344 7608
345 7746
346 7606
347 7656
348 7539
349 7567
350 7608
351 7627
352 7631
353 7513
354 7524
355 7701
356 7634
357 7529
358 7573
359 7477
360 7644
361 7434
362 7576
363 7676
364 7574
365 7653
366 7714
367 7598
368 7636
369 7609
370 7670
371 7685
372 7515
373 7615
374 7551
375 7691
376 7628
377 7658
378 7654
379 7448
380 7567
381 7596
382 7622
383 7586
384 7610
385 7638
386 7411
387 7762
388 7610
389 7656
390 7579
391 7678
392 7569
393 7562
394 7523
395 7682
396 7629
397 7518
398 7619
399 7538
400 7696
401 7636
402 7684
403 7628
404 7620
405 7593
406 7597
407 7629
408 7671
409 7638
410 7466
411 7722
412 7731
413 7589
414 7615
415 7587
416 7502
417 7727
418 7498
419 7625
420 7675
421 7566
422 7585
423 7711
424 7602
425 7617
426 7654
427 7523
428 7515
429 7716
430 7599
431 7566
432 7527
433 7492
434 7588
435 7589
436 7751
437 7752
438 7662
439 7591
440 7602
441 7564
442 7632
443 7499
444 7524
445 7466
446 7530
447 7395
448 7465
449 7706
450 7513
451 7515
452 7448
453 7534
454 7751
455 7527
456 7630
457 7643
458 7735
459 7722
460 7648
461 7593
462 7702
463 7611
464 7494
465 7576
466 7632
467 7540
468 7640
469 7407
470 7577
471 7390
472 7611
473 7466
474 7704
475 7628
476 7517
477 7561
478 7546
479 7570
480 7568
481 7666
482 7663
483 7636
484 7693
485 7743
486 7646
487 7555
488 7438
489 7646
490 7493
491 7601
492 7567
493 7603
494 7589
495 7612
496 7598
497 7382
498 7577
499 7376
500 7767
501 7552
502 7507
503 7698
504 7423
505 7588
506 7540
507 7452
508 7583
509 7510
510 7353
511 7498
512 7422
513 7659
514 7586
515 7439
516 7592
517 7557
518 7449
519 7459
520 7508
521 7545
522 7665
523 7544
524 7708
525 7679
526 7637
527 7579
528 7624
529 7708
530 7414
531 7637
532 7568
533 7588
534 7660
535 7690
536 7639
537 7635
538 7578
539 7449
540 7642
541 7754
542 7560
543 7553
544 7584
545 7666
546 7575
547 7620
548 7468
549 7529
550 7618
551 7574
552 7589
553 7456
554 7541
555 7482
556 7581
557 7639
558 7660
559 7431
560 7674
561 7509
562 7615
563 7390
564 7697
565 7522
566 7754
567 7591
568 7739
569 7538
570 7650
571 7463
572 7658
573 7485
574 7478
575 7568
576 7519
577 7574
578 7496
579 7605
580 7633
581 7686
582 7659
583 7660
584 7541
585 7395
586 7569
587 7608
588 7491
589 7616
590 7570
591 7579
592 7519
593 7526
594 7513
595 7536
596 7547
597 7574
598 7654
599 7510
600 7557
601 7601
602 7726
603 7439
604 7456
605 7535
606 7575
607 7642
608 7494
609 7584
610 7589
611 7507
612 7558
613 7438
614 7662
615 7610
616 7520
617 7576
618 7444
619 7547
620 7649
621 7450
622 7537
623 7460
624 7579
625 7628
626 7694
627 7437
628 7402
629 7589
630 7564
631 7622
632 7500
633 7579
634 7611
635 7578
636 7581
637 7636
638 7576
639 7714
640 7594
641 7451
642 7663
643 7583
644 7593
645 7670
646 7575
647 7531
648 7663
649 7632
650 7629
651 7459
652 7686
653 7553
654 7567
655 7670
656 7682
657 7635
658 7691
659 7659
660 7470
661 7673
662 7646
663 7391
664 7435
665 7677
666 7416
667 7627
668 7526
669 7546
670 7500
671 7483
672 7442
673 7487
674 7573
675 7591
676 7592
677 7554
678 7623
679 7614
680 7578
681 7477
682 7641
683 7531
684 7521
685 7530
686 7686
687 7442
688 7616
689 7464
690 7392
691 7535
692 7605
693 7604
694 7558
695 7676
696 7663
697 7500
698 7652
699 7566
700 7493
701 7635
702 7490
703 7682
704 7562
705 7526
706 7504
707 7478
708 7637
709 7502
710 7487
711 7578
712 7609
713 7380
714 7558
715 7462
716 7558
717 7542
718 7460
719 7449
720 7472
721 7577
722 7519
723 7614
724 7604
725 7572
726 7540
727 7589
728 7707
729 7463
730 7657
731 7494
732 7621
733 7486
734 7533
735 7534
736 7533
737 7446
738 7708
739 7521
740 7619
741 7739
742 7611
743 7674
744 7706
745 7513
746 7546
747 7576
748 7434
749 7534
750 7431
751 7544
752 7599
753 7624
754 7600
755 7557
756 7460
757 7604
758 7612
759 7480
760 7534
761 7646
762 7543
763 7592
764 7531
765 7665
766 7565
767 7398
768 7670
769 7630
770 7668
771 7657
772 7430
773 7612
774 7605
775 7616
776 7690
777 7553
778 7618
779 7753
780 7513
781 7718
782 7488
783 7477
784 7551
785 7559
786 7667
787 7488
788 7633
789 7543
790 7585
791 7524
792 7518
793 7601
794 7607
795 7568
796 7723
797 7575
798 7701
799 7526
800 7590
801 7451
802 7516
803 7624
804 7550
805 7591
806 7599
807 7700
808 7733
809 7522
810 7637
811 7417
812 7606
813 7532
814 7627
815 7694
816 7653
817 7684
818 7596
819 7522
820 7514
821 7654
822 7658
823 7668
824 7636
825 7416
826 7613
827 7669
828 7498
829 7625
830 7573
831 7607
832 7527
833 7541
834 7603
835 7632
836 7482
837 7652
838 7673
839 7586
840 7613
841 7394
842 7572
843 7568
844 7562
845 7474
846 7687
847 7618
848 7697
849 7614
850 7672
851 7515
852 7575
853 7583
854 7470
855 7524
856 7555
857 7596
858 7662
859 7599
860 7593
861 7451
862 7635
863 7715
864 7590
865 7569
866 7500
867 7587
868 7602
869 7607
870 7574
871 7488
872 7638
873 7630
874 7663
875 7422
876 7567
877 7528
878 7517
879 7699
880 7738
881 7512
882 7590
883 7445
884 7533
885 7586
886 7678
887 7698
888 7483
889 7546
890 7669
891 7537
892 7595
893 7409
894 7549
895 7560
896 7567
897 7711
898 7494
899 7569
900 7514
901 7531
902 7571
903 7710
904 7498
905 7543
906 7591
907 7514
908 7626
909 7534
910 7518
911 7547
912 7590
913 7557
914 7556
915 7511
916 7646
917 7560
918 7635
919 7458
920 7527
921 7512
922 7435
923 7664
924 7428
925 7620
926 7649
927 7470
928 7576
929 7597
930 7466
931 7481
932 7639
933 7457
934 7524
935 7569
936 7617
937 7586
938 7635
939 7644
940 7636
941 7444
942 7425
943 7538
944 7531
945 7788
946 7582
947 7560
948 7660
949 7608
950 7615
951 7642
952 7654
953 7554
954 7395
955 7522
956 7633
957 7585
958 7675
959 7669
960 7644
961 7433
962 7578
963 7671
964 7745
965 7370
966 7543
967 7693
968 7427
969 7696
970 7575
971 7755
972 7593
973 7656
974 7543
975 7661
976 7613
977 7674
978 7466
979 7604
980 7621
981 7618
982 7531
983 7670
984 7616
985 7549
986 7652
987 7507
988 7387
989 7376
990 7444
991 7532
992 7734
993 7618
994 7437
995 7758
996 7621
997 7575
998 7751
999 7554
1000 7662
1001 7514
1002 7576
1003 7433
1004 7567
1005 7620
1006 7466
1007 7534
1008 7755
1009 7604
1010 7504
1011 7449
1012 7594
1013 7420
1014 7709
1015 7450
1016 7466
1017 7490
1018 7418
1019 7539
1020 7615
1021 7623
1022 7580
1023 7428
1024 7723
1025 7394
1026 7532
1027 7498
1028 7586
1029 7526
1030 7653
1031 7442
1032 7533
1033 7537
1034 7628
1035 7543
1036 7573
1037 7560
1038 7566
1039 7576
1040 7610
1041 7561
1042 7430
1043 7577
1044 7646
1045 7556
1046 7707
1047 7570
1048 7592
1049 7598
1050 7630
1051 7493
1052 7653
1053 7441
1054 7594
1055 7509
1056 7562
1057 7553
1058 7580
1059 7567
1060 7731
1061 7501
1062 7644
1063 7633
1064 7686
1065 7489
1066 7581
1067 7582
1068 7552
1069 7549
1070 7506
1071 7585
1072 7618
1073 7615
1074 7411
1075 7638
1076 7587
1077 7615
1078 7580
1079 7521
1080 7516
1081 7558
1082 7361
1083 7598
1084 7567
1085 7556
1086 7643
1087 7589
1088 7561
1089 7633
1090 7477
1091 7446
1092 7498
1093 7582
1094 7748
1095 7540
1096 7678
1097 7558
1098 7764
1099 7499
1100 7471
1101 7793
1102 7563
1103 7706
1104 7571
1105 7496
1106 7692
1107 7580
1108 7450
1109 7572
1110 7410
1111 7532
1112 7709
1113 7478
1114 7661
1115 7766
1116 7563
1117 7514
1118 7550
1119 7704
1120 7616
1121 7370
1122 7580
1123 7705
1124 7602
1125 7560
1126 7532
1127 7577
1128 7431
1129 7525
1130 7557
1131 7547
1132 7668
1133 7511
1134 7447
1135 7567
1136 7451
1137 7500
1138 7594
1139 7628
1140 7629
1141 7607
1142 7502
1143 7653
1144 7649
1145 7689
1146 7748
1147 7598
1148 7464
1149 7666
1150 7530
1151 7612
1152 7544
1153 7635
1154 7539
1155 7566
1156 7569
1157 7624
1158 7541
1159 7592
1160 7656
1161 7445
1162 7589
1163 7590
1164 7656
1165 7702
1166 7425
1167 7674
1168 7549
1169 7702
1170 7651
1171 7503
1172 7508
1173 7573
1174 7454
1175 7689
1176 7507
1177 7634
1178 7719
1179 7458
1180 7534
1181 7547
1182 7534
1183 7475
1184 7698
1185 7455
1186 7518
1187 7500
1188 7679
1189 7659
1190 7707
1191 7647
1192 7451
1193 7456
1194 7560
1195 7404
1196 7585
1197 7688
1198 7596
1199 7561
1200 7502
1201 7772
1202 7575
1203 7406
1204 7475
1205 7647
1206 7441
1207 7536
1208 7467
1209 7450
1210 7550
1211 7385
1212 7729
1213 7594
1214 7556
1215 7619
1216 7496
1217 7581
1218 7600
1219 7679
1220 7658
1221 7593
1222 7681
1223 7572
1224 7545
1225 7583
1226 7542
1227 7650
1228 7418
1229 7623
1230 7576
1231 7417
1232 7650
1233 7624
1234 7489
1235 7682
1236 7554
1237 7650
1238 7432
1239 7409
1240 7390
1241 7668
1242 7534
1243 7655
1244 7594
1245 7525
1246 7672
1247 7574
1248 7710
1249 7724
1250 7541
1251 7670
1252 7477
1253 7678
1254 7485
1255 7623
1256 7527
1257 7627
1258 7581
1259 7461
1260 7576
1261 7433
1262 7532
1263 7448
1264 7539
1265 7452
1266 7546
1267 7597
1268 7574
1269 7661
1270 7559
1271 7532
1272 7540
1273 7603
1274 7673
1275 7594
1276 7524
1277 7672
1278 7524
1279 7506
1280 7535
1281 7594
1282 7723
1283 7598
1284 7581
1285 7522
1286 7495
1287 7646
1288 7749
1289 7628
1290 7601
1291 7571
1292 7554
1293 7535
1294 7464
1295 7455
1296 7572
1297 7527
1298 7758
1299 7569
1300 7646
1301 7569
1302 7509
1303 7585
1304 7621
1305 7656
1306 7439
1307 7575
1308 7460
1309 7502
1310 7625
1311 7637
1312 7691
1313 7609
1314 7660
1315 7576
1316 7363
1317 7583
1318 7697
1319 7709
